0000000000
0000000001
1111111110
1000000000
0111111111
1111111111
1111001111
0010100110
1101110010
0000000000
0000000001
1111111110
1000000000
0111111111
1111111111
1111001111
0010100110
1101110010
0000000000
0000000001
1111111110
1000000000
0111111111
1111111111
1111001111
0010100110
1101110010
0000000000
0000000001
1111111110
1000000000
0111111111
1111111111
1111001111
0010100110
1101110010
0000000000
0000000001
1111111110
1000000000
0111111111
1111111111
1111001111
0010100110
1101110010
0000000000
0000000001
1111111110
1000000000
0111111111
1111111111
1111001111
0010100110
1101110010
